abc : 0 15 21 6 12 9 12 15 12 31 8 23 42
def : 13 0 3 6 9 25 8 13 9 11 12 27 176
ghi : 6 51 0 44 14 8 5 12 8 18 76 28 13
jkl : 4 35 6 0 6 7 21 18 30 2 12 34 14
mno : 3 8 2 14 0 45 3 19 12 20 52 16 73
pqr : 8 3 12 4 10 0 8 7 8 15 42 4 16
stu : 15 7 3 10 3 5 0 8 13 12 4 123 16
vwx : 12 4 88 7 12 9 10 0 12 9 26 56 14 
spy : 12 14 8 9 6 5 21 3 0 8 89 12 12
die : 15 7 3 4 10 20 8 7 8 0 81 4 42
pop : 6 51 39 4 45 3 19 12 20 51 0 71 57
wep : 41 52 6 81 45 2 5 7 8 12 13 0 23
one : 51 11 31 8 41 3 8 7 9 45 11 12 0